3.21617 17.8866 4.42264 25.1213 
3.26594 18.361 4.49231 25.7854 
3.31859 18.8629 4.56602 26.4881 
3.37438 19.3948 4.64414 27.2328 
3.43361 19.9595 4.72706 28.0232 
3.4966 20.5599 4.81524 28.8639 
3.56373 21.1998 4.90922 29.7597 
3.6354 21.8831 5.00956 30.7163 
3.71211 22.6143 5.11695 31.74 
3.7944 23.3988 5.23215 32.8382 
3.8829 24.2424 5.35605 34.0194 
3.97834 25.1522 5.48967 35.2931 
4.08158 26.1364 5.63421 36.671 
4.1936 27.2043 5.79105 38.1661 
4.31559 28.3673 5.96183 39.7942 
4.44894 29.6384 6.14851 41.5738 
4.5953 31.0336 6.35342 43.5271 
4.75667 32.572 6.57934 45.6808 
4.93551 34.2768 6.82971 48.0675 
5.13479 36.1765 7.1087 50.7271 
5.35823 38.3066 7.42153 53.7092 
5.61053 40.7117 7.77475 57.0764 
5.89766 43.4489 8.17672 60.9084 
6.22735 46.5918 8.63829 65.3085 
6.60984 50.2379 9.17377 70.4131 
7.0589 54.5187 9.80245 76.4062 
7.59357 59.6157 10.551 83.542 
8.24092 65.7868 11.4573 92.1815 
9.04076 73.4116 12.5771 102.856 
10.0542 83.0722 13.9958 116.381 
11.3799 95.7098 15.8518 134.074 
13.1885 112.951 18.3839 158.211 
15.8026 137.871 22.0437 193.1 
19.9148 177.072 27.8007 247.98 
27.3293 247.754 38.1811 346.935 
44.6942 413.29 62.4919 578.686 
132.888 1254.03 185.964 1755.73 
125 1204.38 175.08 1686.05 
41.2401 405.908 57.8162 568.192 
24.2299 243.752 34.0018 341.173 
16.913 174.002 23.7582 243.522 
12.8411 135.185 18.0575 189.178 
10.2473 110.458 14.4262 154.561 
8.45036 93.3286 11.9105 130.58 
7.13201 80.761 10.0648 112.985 
6.12354 71.1475 8.65296 99.5265 
5.32713 63.5554 7.53799 88.8976 
4.6823 57.4082 6.63521 80.2914 
4.1495 52.3291 5.8893 73.1807 
3.70188 48.0621 5.26264 67.2069 
3.32053 44.4267 4.72875 62.1174 
2.99175 41.2925 4.26845 57.7295 
2.70536 38.5624 3.86751 53.9074 
2.45367 36.163 3.51514 50.5483 
2.23073 34.0378 3.20302 47.5729 
2.03187 32.1421 2.92462 44.9189 
1.8534 30.4408 2.67476 42.5371 
1.69234 28.9054 2.44927 40.3875 
1.54625 27.5127 2.24474 38.4378 
1.41314 26.2438 2.05839 36.6613 
1.29135 25.0828 1.88789 35.036 
1.1795 24.0166 1.7313 33.5433 
1.07642 23.034 1.58699 32.1676 
0.981122 22.1255 1.45357 30.8957 
0.892748 21.283 1.32985 29.7163 
0.810574 20.4997 1.2148 28.6196 
0.733969 19.7694 1.10756 27.5972 
0.662386 19.087 1.00734 26.6419 
0.595347 18.448 0.913486 25.7471 
0.532432 17.8482 0.825405 24.9075 
0.473272 17.2842 0.742581 24.1179 
0.41754 16.753 0.664557 23.3741 
0.364948 16.2516 0.590927 22.6722 
0.315236 15.7777 0.521331 22.0088 
0.268175 15.3291 0.455446 21.3807 
0.223559 14.9038 0.392982 20.7853 
0.181201 14.5 0.333681 20.22 
0.140934 14.1161 0.277307 19.6826 
0.102607 13.7507 0.223649 19.171 
0.066083 13.4026 0.172516 18.6836 
0.0312382 13.0704 0.123734 18.2186 
0.00204086 12.7532 0.0771428 17.7744 
0.0338572 12.4499 0.0325999 17.3498 
0.0643057 12.1596 0.0100279 16.9435 
0.0934723 11.8816 0.0508612 16.5542 
0.121436 11.615 0.0900109 16.181 
0.148271 11.3592 0.127579 15.8229 
0.174043 11.1135 0.16366 15.4789 
0.198814 10.8774 0.19834 15.1483 
0.222642 10.6502 0.231699 14.8303 
0.245579 10.4316 0.263811 14.5242 
0.267675 10.2209 0.294744 14.2293 
0.288974 10.0179 0.324564 13.945 
0.30952 9.82202 0.353328 13.6708 
0.329351 9.63298 0.381091 13.4062 
0.348504 9.45039 0.407906 13.1505 
0.367014 9.27394 0.433819 12.9035 
0.384911 9.10332 0.458876 12.6647 
0.402227 8.93826 0.483118 12.4336 
0.418989 8.77847 0.506585 12.2099 
0.435223 8.62371 0.529312 11.9932 
0.450954 8.47375 0.551335 11.7833 
0.466204 8.32837 0.572686 11.5797 
0.480996 8.18737 0.593394 11.3823 
0.495349 8.05054 0.613489 11.1908 
0.509284 7.9177 0.632998 11.0048 
0.522818 7.78869 0.651945 10.8242 
0.535967 7.66333 0.670354 10.6487 
0.548749 7.54148 0.688249 10.4781 
0.561179 7.423 0.70565 10.3122 
0.57327 7.30773 0.722578 10.1508 
0.585037 7.19556 0.739051 9.99379 
0.596492 7.08636 0.755088 9.84091 
0.607647 6.98002 0.770706 9.69203 
0.618515 6.87642 0.785921 9.54699 
0.629106 6.77546 0.800748 9.40565 
0.639431 6.67704 0.815203 9.26786 
0.649498 6.58106 0.829298 9.13349 
0.659319 6.48744 0.843047 9.00242 
0.668902 6.39609 0.856463 8.87453 
0.678254 6.30693 0.869556 8.7497 
0.687386 6.21987 0.882341 8.62782 
0.696305 6.13485 0.894827 8.50879 
0.705017 6.0518 0.907024 8.39252 
0.71353 5.97065 0.918942 8.2789 
0.721851 5.89132 0.930592 8.16786 
0.729986 5.81378 0.94198 8.05929 
0.737941 5.73794 0.953118 7.95312 
0.745722 5.66376 0.964011 7.84927 
0.753335 5.59119 0.97467 7.74767 
0.760786 5.52017 0.9851 7.64824 
0.768078 5.45065 0.995309 7.55091 
0.775218 5.38259 1.00531 7.45562 
0.78221 5.31594 1.01509 7.36231 
0.789058 5.25065 1.02468 7.27091 
0.795768 5.18669 1.03407 7.18137 
0.802342 5.12402 1.04328 7.09362 
0.808786 5.06259 1.0523 7.00762 
0.815103 5.00237 1.06114 6.92332 
0.821296 4.94333 1.06981 6.84066 
0.82737 4.88543 1.07832 6.7596 
0.833328 4.82864 1.08666 6.68009 
0.839173 4.77292 1.09484 6.60209 
0.844907 4.71825 1.10287 6.52555 
0.850536 4.6646 1.11075 6.45043 
0.85606 4.61193 1.11848 6.3767 
0.861484 4.56023 1.12608 6.30432 
0.86681 4.50946 1.13353 6.23325 
0.87204 4.45961 1.14086 6.16345 
0.877177 4.41064 1.14805 6.09489 
0.882223 4.36253 1.15511 6.02754 
0.887181 4.31526 1.16205 5.96137 
0.892054 4.26881 1.16888 5.89634 
0.896843 4.22316 1.17558 5.83243 
0.90155 4.17829 1.18217 5.7696 
0.906178 4.13417 1.18865 5.70784 
0.910728 4.09079 1.19502 5.64711 
0.915203 4.04813 1.20128 5.58739 
0.919605 4.00618 1.20745 5.52865 
0.923934 3.9649 1.21351 5.47087 
0.928193 3.9243 1.21947 5.41402 
0.932384 3.88435 1.22534 5.35809 
0.936508 3.84504 1.23111 5.30305 
0.940567 3.80634 1.23679 5.24888 
0.944562 3.76826 1.24239 5.19556 
0.948495 3.73076 1.24789 5.14307 
0.952367 3.69385 1.25331 5.09139 
0.95618 3.6575 1.25865 5.0405 
0.959935 3.6217 1.26391 4.99039 
0.963634 3.58645 1.26909 4.94103 
0.967276 3.55172 1.27419 4.89241 
0.970865 3.51751 1.27921 4.84451 
0.974401 3.4838 1.28416 4.79733 
0.977885 3.45059 1.28904 4.75083 
0.981318 3.41786 1.29385 4.70501 
0.984702 3.38561 1.29858 4.65985 
0.988038 3.35381 1.30325 4.61534 
0.991325 3.32247 1.30786 4.57146 
0.994567 3.29157 1.31239 4.5282 
0.997762 3.26111 1.31687 4.48555 
1.00091 3.23107 1.32128 4.44349 
1.00402 3.20144 1.32563 4.40202 
1.00709 3.17222 1.32992 4.36111 
1.01011 3.1434 1.33415 4.32077 
1.01309 3.11498 1.33833 4.28097 
1.01603 3.08693 1.34245 4.2417 
1.01894 3.05926 1.34651 4.20297 
1.0218 3.03196 1.35052 4.16474 
1.02463 3.00502 1.35448 4.12703 
1.02742 2.97843 1.35838 4.0898 
1.03017 2.95219 1.36224 4.05306 
1.03289 2.92628 1.36604 4.0168 
1.03557 2.90071 1.36979 3.981 
1.03822 2.87547 1.3735 3.94566 
1.04083 2.85055 1.37716 3.91077 
1.04341 2.82594 1.38078 3.87632 
1.04596 2.80164 1.38434 3.8423 
1.04848 2.77765 1.38787 3.80871 
1.05096 2.75395 1.39135 3.77553 
1.05342 2.73054 1.39479 3.74276 
1.05584 2.70742 1.39818 3.71039 
1.05824 2.68458 1.40154 3.67841 
1.06061 2.66201 1.40485 3.64682 
1.06295 2.63972 1.40812 3.61561 
1.06526 2.61769 1.41136 3.58477 
1.06754 2.59593 1.41456 3.5543 
1.0698 2.57442 1.41771 3.52419 
1.07203 2.55316 1.42084 3.49443 
1.07423 2.53216 1.42392 3.46502 
1.07641 2.51139 1.42697 3.43595 
1.07856 2.49087 1.42999 3.40721 
1.08069 2.47057 1.43297 3.3788 
1.08279 2.45052 1.43591 3.35072 
1.08487 2.43068 1.43882 3.32296 
1.08693 2.41108 1.4417 3.29551 
1.08897 2.39169 1.44455 3.26836 
1.09098 2.37251 1.44737 3.24152 
1.09297 2.35355 1.45015 3.21498 
1.09493 2.3348 1.45291 3.18872 
1.09688 2.31626 1.45563 3.16276 
1.0988 2.29791 1.45832 3.13708 
1.10071 2.27977 1.46099 3.11167 
1.10259 2.26182 1.46362 3.08655 
1.10445 2.24406 1.46623 3.06169 
1.10629 2.22649 1.46881 3.03709 
1.10812 2.20911 1.47136 3.01276 
1.10992 2.19192 1.47389 2.98868 
1.11171 2.1749 1.47639 2.96486 
1.11347 2.15806 1.47886 2.94128 
1.11522 2.14139 1.48131 2.91795 
1.11695 2.1249 1.48373 2.89486 
1.11866 2.10858 1.48613 2.87201 
1.12036 2.09242 1.4885 2.84939 
1.12204 2.07643 1.49085 2.82701 
1.1237 2.0606 1.49317 2.80485 
1.12534 2.04493 1.49548 2.78291 
1.12697 2.02942 1.49775 2.76119 
1.12858 2.01406 1.50001 2.73969 
1.13017 1.99886 1.50224 2.7184 
1.13175 1.9838 1.50445 2.69732 
1.13332 1.9689 1.50664 2.67645 
1.13487 1.95413 1.50881 2.65579 
1.1364 1.93952 1.51096 2.63532 
1.13792 1.92504 1.51308 2.61505 
1.13942 1.9107 1.51519 2.59498 
1.14091 1.8965 1.51727 2.5751 
1.14239 1.88244 1.51934 2.55541 
1.14385 1.86851 1.52139 2.53591 
1.14529 1.85471 1.52341 2.51659 
1.14673 1.84104 1.52542 2.49746 
1.14815 1.8275 1.52741 2.4785 
1.14956 1.81409 1.52938 2.45972 
1.15095 1.8008 1.53133 2.44112 
1.15233 1.78763 1.53326 2.42268 
1.1537 1.77458 1.53518 2.40442 
1.15506 1.76166 1.53708 2.38632 
