0.549773872918
0.538508209998
0.433754592776

0.550126851114
0.579683729674
0.435482560333

0.549682492592
0.629650999398
0.434512315542

0.550670189236
0.676055909219
0.434446770237

0.550897013966
0.536067268857
0.395121896593

0.550624461235
0.579264258513
0.393769638615

0.550579979035
0.627646290264
0.395733401725

0.551526667719
0.674304113054
0.394935665889

0.550665359631
0.535391658369
0.354389789691

0.550214628814
0.580935576918
0.351799961055

0.551368282087
0.625948297317
0.352627185693

0.551326039264
0.674310655404
0.350752491375

0.550355788459
0.535723533217
0.311138070702

0.551786033723
0.57619401203
0.310459377237

0.550411680543
0.62992752533
0.308870502349

0.550187383646
0.676789696615
0.308744010112

0.550974401784
0.536305947568
0.269995659097

0.550941111923
0.578320237139
0.269806177862

0.550151347792
0.628699484573
0.266697897783

0.54959166841
0.678451512369
0.266173535229

0.551260267129
0.537336204349
0.227425519008

0.551075627915
0.579501526471
0.224876007432

0.550018671458
0.62800447732
0.223898292715

0.550133485344
0.67708543875
0.223663374457

0.549900812048
0.539105278059
0.434121207935

0.550790276638
0.579241437359
0.436477630621

0.550628757187
0.628262927059
0.433375163574

0.549911156296
0.678091063028
0.434936319761

0.55055657204
0.535181062697
0.394352006599

0.550805849785
0.57958967221
0.394118186611

0.551010881435
0.627273641004
0.395461925581

