0.550389694604
0.541695979278
0.433516193592

0.550863098091
0.578536110272
0.434938419376

0.551054313909
0.626062334006
0.436346135572

0.550295027763
0.675645204605
0.435445163077

0.550820550011
0.539352993806
0.396183944861

0.550433374584
0.579407511799
0.395338518157

0.55049597369
0.62754744072
0.393103226847

0.550564796243
0.675556950671
0.393191772236

0.550808496106
0.540972834598
0.352161307323

0.550973404234
0.576871681726
0.349983649966

0.550595936932
0.627826080564
0.349917796857

0.550514396169
0.676409300856
0.3494478768

0.550722861409
0.538598314552
0.309947031853

0.550887354484
0.577559784348
0.306534263675

0.550794229995
0.625983837985
0.30879520335

0.550908349895
0.673425681474
0.307104942889

0.550492942785
0.540077571268
0.26770915658

0.550520257692
0.578444403237
0.266336382548

0.550293616125
0.627392279992
0.26611249706

0.550100484122
0.67492767811
0.264935389381

0.550914151951
0.537144980061
0.225657340126

0.550507534559
0.58088785442
0.223637388477

0.550495004614
0.62627485759
0.223436429198

0.550300801076
0.673696154226
0.223384741145

