0.549562447112
0.539236359964
0.43536482125

0.550086983365
0.582175832585
0.43458252474

0.550739005043
0.627941348387
0.434221694124

0.550084466183
0.676924560821
0.434591601203

0.551270210987
0.536185396449
0.396381249658

0.550995537918
0.579279944886
0.395878334162

0.550446229053
0.627679923244
0.395840712023

0.551945851939
0.674509600102
0.393265565645

0.551022077129
0.535084228457
0.35405685562

0.550411477926
0.579972953593
0.35226457185

0.551653641275
0.62568391939
0.351830794086

0.551231682762
0.67547484228
0.349967260388

0.550712959433
0.535215901232
0.31111251515

0.551533052484
0.576384311631
0.310622243026

0.550292248625
0.628919644401
0.309701857037

0.549130840467
0.679361943238
0.309741279476

0.551302139605
0.536311942531
0.269842782459

0.551620637379
0.57764236021
0.268456082387

0.549748771907
0.629392564204
0.266432429184

0.549837614674
0.677988258522
0.266022640537

0.551253251403
0.536440866304
0.227245218933

0.550578972757
0.579404929122
0.225643269248

0.549868447057
0.628677338818
0.22361544381

0.549827987962
0.676928037542
0.22445824675

