0.549891005125
0.539319671584
0.435104881262

0.550486242876
0.580043998741
0.435392249902

0.550201497224
0.628335862803
0.434791068515

0.549988787047
0.677500357914
0.433922078453

0.551241033301
0.536128453704
0.394430076574

0.55098282362
0.580257373256
0.3917203411

0.550585661815
0.629098839941
0.39185380439

0.550953740247
0.675636347051
0.391496652376

0.551348398357
0.536217030922
0.353028800796

0.550002835803
0.580610452667
0.349526812449

0.550620643392
0.627623167755
0.350116069374

0.551385955274
0.675350241588
0.349520929103

0.551043787189
0.535495989886
0.310578581643

0.550432398037
0.580305247301
0.308741911868

0.550431244224
0.627777484716
0.307928460945

0.551468992812
0.675355806727
0.308478316428

0.551689757422
0.534498820614
0.267917327832

0.550461177273
0.579476211205
0.266657568688

0.551004085158
0.627364613008
0.266604416047

0.551034090046
0.67823846196
0.26796863289

0.551186862275
0.537767045917
0.224237715952

0.550143650187
0.580078402691
0.224530941758

0.550873350115
0.627347078479
0.224269800812

0.550720855545
0.677567940821
0.222423709928