0.550518813436
0.538810538587
0.437544828692

0.550243125436
0.539077225252
0.43488709171

0.550655471555
0.579515845008
0.434851540931

0.550853767875
0.62765594383
0.433907449286

0.54919514692
0.677567258982
0.436576456853

0.550551376923
0.539935550708
0.394610956517

0.550545804191
0.579051274747
0.391124748365

0.550751552073
0.62715581561
0.391054507975

0.550897861398
0.67516227348
0.391451583631
  
0.550813425324
0.53866915258
0.352419438679
  
0.550934970783
0.57907005624
0.349794454879
   
0.551219933601
0.626544092478
0.349693104818
  
0.551005669415
0.675351674048
0.352125489417
  
0.551000939967
0.539039877703
0.310350471824
  
0.550652654806
0.578978328771
0.308100862799
   
0.551102993997
0.626821946524
0.307516070381
  
0.551259742433
0.674509831116
0.307934883136
  
0.551184774915
0.53937020325
0.269107432808
 
0.550270288717
0.57933978474
0.265951870939
  
0.550997639475
0.627078053347
0.265811732377
  
0.551264056026
0.675386654209
0.26624565356
 
0.550824599656
0.537343330247
0.225927223216
  
0.550691977958
0.580136845847
0.224635625203
  
0.551190976027
0.627402731524
0.226164905934
  
0.55133804789
0.676037401641
0.224674166231