0.550883959923
0.537178409991
0.433367358613

0.551094979279
0.578471805516
0.437619073257

0.550464045658
0.627893092943
0.433252425021

0.549743133243
0.677382928705
0.434062054405

0.550524159685
0.536681203487
0.395353039307

0.55069297495
0.58013819926
0.393480528974

0.55054253461
0.628179084072
0.392070527407

0.55160049259
0.675144675756
0.392897180351

0.550754437933
0.536293392029
0.352767926324

0.550595032801
0.57996387363
0.350702663674

0.550726191244
0.627268696288
0.350334866267

0.551623345623
0.675927865196
0.350423296959

0.550656588492
0.536006367449
0.310556642117

0.550237802969
0.579891159927
0.307976636015

0.550791137206
0.626600773048
0.308313830386

0.551372457142
0.676299970901
0.30808203296

0.550526211894
0.536114505922
0.268472638604

0.550447821727
0.578143211262
0.265773465377

0.550632908078
0.627333277007
0.265542422621

0.551549398479
0.676691729113
0.266858069757

0.55017189996
0.536284600056
0.224306251204

0.54984470339
0.57961475047
0.223510682403

