0.551001382364
0.538251886814
0.433010652222

0.550790188937
0.579725151732
0.436330867243

0.550609743528
0.628400434577
0.436884891338

0.550170801951
0.67652805805
0.434059502121

0.550433367494
0.535421565847
0.396539604723

0.55103778606
0.580352259647
0.396185685242

0.550240829211
0.628823546037
0.392416328345

0.550856920841
0.675646366643
0.393964770139

0.550665980081
0.537918512977
0.354238759995

0.550864554906
0.579832259247
0.352470670669

0.549501748367
0.53949804942
0.433878543824

0.551092825918
0.579507599696
0.436084195303

0.550327364861
0.628798541088
0.433749059754

0.549946994882
0.677268008668
0.433845720191

0.550846666795
0.535834445158
0.395128579847

0.550446901986
0.579828521086
0.391970048734

0.550778438716
0.62745291325
0.39246363298

0.550844208143
0.675238383079
0.393439087301

0.551303207317
0.535922959539
0.353634009712

0.550254662816
0.579487908801
0.349623297518

0.550483826086
0.627474728403
0.349678239786

0.550942745336
0.676068311942
0.352203751683

0.551397839055
0.534814467865
0.310412344458

0.550739018407
0.579665928236
0.307525547646

0.550625204881
0.627541054037
0.308640396803

0.550997485428
0.677151463254
0.308293183111

0.551127684644
0.536444535727
0.267863783276

0.550521035088
0.578536446232
0.266606590347

0.550399930785
0.628023574723
0.265689543929

0.55147208052
0.67674353306
0.265788833908

