0.549355563525
0.537733050426
0.435531074583

0.550966909358
0.579450013434
0.436364445441

0.550666775003
0.627980915306
0.433221679439

0.549720199341
0.677135796887
0.435171031353

0.550429566275
0.53612152391
0.394429797013

0.550716918383
0.580361467037
0.391762357037

0.550543448795
0.627234010859
0.391214583588

0.551239461652
0.674896708948
0.392419416742

0.550413792898
0.53490575685
0.432620736503

0.550638560915
0.578408111618
0.435328887008

0.550506135935
0.627580101577
0.434083377831

0.549788542028
0.677240502719
0.433982676729

0.550777090653
0.537363862279
0.395271138067

0.550582392634
0.579694189477
0.391382713746

0.550529865454
0.627545172754
0.393164150986

0.550902855
0.675435047474
0.392390724264

0.550778375532
0.537155241411
0.353381331261

0.550428742046
0.58014455674
0.350740535258

0.55085713639
0.626800249207
0.349887142562

0.551013384507
0.674937719841
0.349397587563

0.550624566893
0.538310271704
0.309554461988

0.550375454103
0.579653958187
0.308492303168

0.550733803412
0.627868021168
0.30801291703

0.551332204828
0.674228083243
0.309372226923

0.551593042373
0.537409919777
0.26889724561

0.550551334625
0.579402140016
0.266151181764

0.550949063549
0.627531713309
0.266716538415

0.551791386414
0.674915065907
0.266918380691

0.55111002431
0.536538025136
0.226708223224

0.550638616
0.578523608086
0.223866253527

0.551131929255
0.627566153213
0.223943225257

0.552035481938
0.67594346637
0.224075548757

